0.61549
0.58806
0.554279
0.53636
0.519482
0.511369
0.503706
0.497215
0.494012
0.486584
0.483821
0.482857
0.478005
0.472944
0.469452
0.466161
0.460502
0.44644
0.441591
0.438251

0.602831
0.57691
0.562395
0.555236
0.548133
0.532939
0.505438
0.490541
0.47219
0.463217
0.45971
0.455843
0.450433
0.441231
0.430967
0.420903
0.41565
0.412608
0.401453
0.394634

0.652579
0.624679
0.595347
0.555516
0.514441
0.492387
0.470608
0.45935
0.453544
0.446899
0.442074
0.436119
0.433824
0.429661
0.425945
0.422834
0.416299
0.4105
0.408547
0.404504

0.631489
0.592914
0.5635
0.540731
0.531758
0.5229
0.515445
0.491928
0.476528
0.466685
0.463667
0.454402
0.449238
0.437994
0.434453
0.430516
0.42548
0.421992
0.417621
0.413735

0.637313
0.58108
0.573281
0.549935
0.541109
0.508308
0.494083
0.472627
0.462073
0.454094
0.45255
0.45276
0.449857
0.447053
0.445922
0.443766
0.442304
0.439476
0.437513
0.435558

0.628576
0.582661
0.568232
0.554134
0.537398
0.524458
0.505413
0.498764
0.476398
0.462943
0.452817
0.438624
0.42757
0.41566
0.398341
0.38686
0.383215
0.378253
0.376593
0.374673

0.634245
0.596951
0.579609
0.561339
0.539544
0.519246
0.496123
0.478479
0.472977
0.466499
0.460721
0.457562
0.451195
0.449888
0.445251
0.442148
0.436913
0.43139
0.430013
0.420869

0.636867
0.590946
0.562574
0.544323
0.512729
0.500674
0.488156
0.482605
0.480698
0.477294
0.47383
0.467669
0.465893
0.458453
0.451258
0.447353
0.445808
0.442539
0.432288
0.426286

0.638375
0.619984
0.598032
0.564966
0.535722
0.517549
0.502626
0.490122
0.486682
0.482419
0.480672
0.472287
0.466876
0.459767
0.451482
0.441499
0.436908
0.434904
0.434151
0.429437

0.644658
0.628505
0.622918
0.609962
0.601541
0.579217
0.573289
0.55757
0.539796
0.522586
0.514672
0.497926
0.492807
0.490748
0.489207
0.484237
0.482913
0.469943
0.45463
0.447102

