0.644239
0.613384
0.591978
0.580428
0.574632
0.564305
0.558705
0.536772
0.519908
0.515428
0.507503
0.50351
0.500056
0.494429
0.489923
0.482281
0.478784
0.470877
0.466676
0.458485

0.612356
0.591783
0.563883
0.554341
0.544916
0.53004
0.526493
0.518055
0.504395
0.499779
0.493705
0.487595
0.481092
0.478505
0.47088
0.466792
0.465023
0.45816
0.454107
0.4526

0.617431
0.574822
0.537085
0.501723
0.496163
0.490046
0.486754
0.480999
0.477347
0.469852
0.467664
0.462526
0.457141
0.449695
0.448594
0.443042
0.439357
0.439435
0.430737
0.429597

0.648344
0.613517
0.59418
0.57706
0.563846
0.557813
0.549083
0.542475
0.537829
0.528943
0.520217
0.511713
0.506583
0.501713
0.497589
0.492437
0.485366
0.481643
0.475304
0.475015

0.630283
0.593281
0.568756
0.551781
0.540909
0.524065
0.52059
0.510473
0.504778
0.50169
0.494178
0.481064
0.47317
0.467775
0.467821
0.462506
0.458082
0.455258
0.451357
0.448762

0.635322
0.606069
0.587571
0.557707
0.538359
0.531723
0.527369
0.525068
0.518448
0.515976
0.511112
0.508221
0.501805
0.49536
0.487564
0.476766
0.473269
0.463825
0.453137
0.436495

0.631861
0.61148
0.570388
0.553471
0.549682
0.543023
0.53006
0.522647
0.513828
0.504715
0.501407
0.494401
0.490708
0.480875
0.477436
0.47349
0.469559
0.464164
0.460649
0.457792

0.63845
0.616251
0.577249
0.560004
0.551336
0.547303
0.544731
0.542237
0.538013
0.533722
0.529125
0.524013
0.514635
0.509665
0.504152
0.495634
0.487808
0.47692
0.473661
0.468003

0.632196
0.595295
0.58471
0.557629
0.529398
0.518627
0.507705
0.494136
0.48888
0.4849
0.480072
0.476392
0.475673
0.471314
0.464533
0.459591
0.450807
0.448529
0.44641
0.444364

0.59325
0.558835
0.534724
0.523552
0.504045
0.492683
0.480062
0.474306
0.464077
0.459617
0.455672
0.450026
0.446601
0.435254
0.434916
0.427954
0.420879
0.416851
0.411869
0.402481

