0.623404 0.57569 0.554101 0.524925 0.513924 0.49335 0.469594 0.463706 0.454553 0.44806 0.448861 0.446644 0.433872 0.42879 0.422021 0.416352 0.409966 0.399938 0.392616 0.381626 
0.63095 0.599848 0.574957 0.554643 0.548084 0.538376 0.516947 0.507254 0.498402 0.487357 0.48446 0.481898 0.477237 0.47561 0.475481 0.474347 0.469472 0.465036 0.45905 0.45123 
0.637585 0.614596 0.604207 0.555576 0.514585 0.503204 0.499782 0.493394 0.492436 0.487922 0.485421 0.484186 0.481135 0.476966 0.474525 0.472115 0.462838 0.460001 0.455629 0.455233 
0.627103 0.584918 0.540853 0.522406 0.513562 0.507613 0.501098 0.491467 0.486834 0.476063 0.46188 0.459763 0.456604 0.451569 0.450887 0.450429 0.447517 0.439518 0.431973 0.4317 
0.610073 0.590193 0.564951 0.55765 0.546067 0.526209 0.517483 0.479066 0.44844 0.432353 0.42711 0.418814 0.415354 0.411327 0.406419 0.404842 0.397961 0.392535 0.389874 0.389144 
0.639518 0.615138 0.596535 0.562168 0.541874 0.524802 0.505568 0.489762 0.481681 0.473358 0.470793 0.465268 0.455961 0.446413 0.444411 0.437963 0.426048 0.420362 0.417711 0.409211 
0.625322 0.609616 0.58757 0.564013 0.550446 0.542239 0.53243 0.523876 0.522362 0.519226 0.517952 0.514509 0.511947 0.50602 0.501076 0.498576 0.49795 0.495059 0.492509 0.489246 
0.631332 0.58911 0.570248 0.554542 0.53968 0.523075 0.508329 0.504455 0.493756 0.490829 0.486947 0.483249 0.482217 0.478149 0.477628 0.477458 0.474221 0.475597 0.471105 0.466977 
0.614653 0.585436 0.571293 0.561261 0.55666 0.555205 0.547365 0.545974 0.541533 0.537361 0.533304 0.528341 0.526907 0.526292 0.520735 0.520262 0.518537 0.511072 0.505986 0.501835 
0.629692 0.597366 0.590568 0.583976 0.576278 0.56589 0.56232 0.555591 0.551972 0.546024 0.541091 0.533851 0.531059 0.528563 0.523169 0.517146 0.510204 0.500117 0.495841 0.492905 
