0.646075
0.636778
0.606049
0.568
0.528811
0.509067
0.486018
0.472423
0.459091
0.449272
0.441293
0.439326
0.438478
0.433976
0.430112
0.425947
0.41797
0.412077
0.407177
0.404562

0.662248
0.638549
0.615543
0.606868
0.591721
0.580466
0.570386
0.553972
0.546642
0.543616
0.539318
0.534406
0.524675
0.524315
0.517762
0.508261
0.502045
0.499368
0.497096
0.493641

0.643989
0.628223
0.589572
0.577226
0.568311
0.553499
0.548645
0.5426
0.525756
0.515813
0.509323
0.503065
0.496453
0.491623
0.487314
0.480867
0.475037
0.471533
0.469831
0.460639

0.609663
0.578417
0.564443
0.551049
0.533181
0.520987
0.514828
0.509164
0.504522
0.501997
0.49814
0.493437
0.492288
0.485568
0.477549
0.475738
0.47005
0.46372
0.45954
0.445861

0.643279
0.626403
0.603397
0.577224
0.560491
0.544151
0.537833
0.535862
0.53191
0.526235
0.523904
0.521868
0.517682
0.515039
0.508981
0.504236
0.500953
0.496463
0.49489
0.492296

0.629958
0.611415
0.588767
0.564932
0.543141
0.530472
0.507488
0.506554
0.501273
0.497339
0.493288
0.48997
0.482387
0.479522
0.466964
0.454682
0.442987
0.436903
0.430736
0.42909

0.633695
0.610936
0.591305
0.567244
0.534706
0.516265
0.501784
0.498425
0.49772
0.496426
0.496253
0.494419
0.489888
0.481901
0.479705
0.478051
0.477661
0.476333
0.472315
0.467793

0.644872
0.616884
0.593984
0.583364
0.564509
0.549623
0.535705
0.521238
0.513133
0.507045
0.494418
0.490853
0.49066
0.487479
0.485161
0.482724
0.48066
0.480886
0.480001
0.476646

0.637572
0.629739
0.618129
0.592252
0.575227
0.557603
0.542153
0.537734
0.53303
0.523823
0.511942
0.499987
0.49163
0.48544
0.478257
0.473088
0.473331
0.473431
0.471485
0.469977

0.642353
0.624935
0.603572
0.598657
0.564342
0.544296
0.516515
0.51081
0.501136
0.497472
0.495015
0.486734
0.484308
0.479382
0.470193
0.461805
0.456187
0.454041
0.451444
0.451545

