0.459266
0.459266
0.459266
0.459266
0.459266
0.459266
0.459266
0.459266
0.459266
0.459266
0.459266
0.459266
0.459266
0.459266
0.459266
0.459266
0.459266
0.4575
0.446328
0.42633

0.42633
0.42633
0.42633
0.42633
0.42633
0.42633
0.42633
0.42633
0.42633
0.42633
0.42633
0.42633
0.42633
0.42633
0.42633
0.42633
0.42633
0.42633
0.42633
0.42633

0.42633
0.42633
0.42633
0.42633
0.42633
0.42633
0.42633
0.42633
0.42633
0.42633
0.42633
0.42633
0.42633
0.42633
0.42633
0.425503
0.423988
0.423988
0.405276
0.405276

0.405276
0.405276
0.405276
0.405276
0.405276
0.405276
0.405276
0.405276
0.405276
0.405276
0.405276
0.405276
0.405276
0.405276
0.405276
0.405276
0.405276
0.405276
0.405276
0.405276

0.405276
0.405276
0.405276
0.405276
0.405276
0.405276
0.405276
0.405276
0.405276
0.405276
0.405276
0.405276
0.405276
0.405276
0.405276
0.405276
0.405276
0.405276
0.405276
0.405276

0.405276
0.405276
0.405276
0.405276
0.405276
0.405276
0.405276
0.405276
0.405276
0.405276
0.405276
0.405276
0.405276
0.405276
0.405276
0.405276
0.405276
0.405276
0.405276
0.405276

0.405276
0.405276
0.405276
0.405276
0.405276
0.405276
0.405276
0.405276
0.405276
0.405276
0.405276
0.405276
0.405276
0.405276
0.405276
0.405276
0.405276
0.405276
0.405276
0.405276

0.405276
0.405276
0.405276
0.405276
0.405276
0.405276
0.405276
0.405276
0.405276
0.405276
0.405276
0.405276
0.405276
0.405276
0.405276
0.405276
0.405276
0.405276
0.405276
0.405276

0.405276
0.405276
0.405276
0.405276
0.405276
0.405276
0.405276
0.405276
0.405276
0.405276
0.405276
0.405276
0.405276
0.405276
0.405276
0.405276
0.405276
0.405276
0.405276
0.405276

0.405276
0.405276
0.405276
0.405276
0.405276
0.405276
0.405276
0.405276
0.405276
0.405276
0.405276
0.405276
0.405276
0.405276
0.405276
0.401191
0.399648
0.378508
0.378508
0.378508

