0.495806 0.487866 0.487866 0.487866 0.454184 0.454184 0.451956 0.444442 0.431444 0.430929 0.416562 0.416562 0.408592 0.408592 0.389252 0.38888 0.379338 0.369483 0.369483 0.341458 
0.341458 0.341458 0.341458 0.341458 0.341458 0.341458 0.341458 0.341458 0.341458 0.341458 0.341458 0.341458 0.341458 0.341458 0.341458 0.341458 0.341458 0.341458 0.341458 0.341458 
0.341458 0.341458 0.341458 0.341458 0.341458 0.341458 0.341458 0.341458 0.341458 0.341458 0.341458 0.341458 0.341458 0.341458 0.341458 0.341458 0.341458 0.341458 0.341458 0.341458 
0.341458 0.341458 0.341458 0.341458 0.341458 0.341458 0.341458 0.341458 0.341458 0.341458 0.341458 0.341458 0.341458 0.341458 0.341458 0.341458 0.341458 0.341458 0.341458 0.341458 
0.341458 0.341458 0.341458 0.341458 0.341458 0.341458 0.341458 0.341458 0.341458 0.341458 0.341458 0.341458 0.341458 0.341458 0.341458 0.341458 0.341458 0.341458 0.341458 0.341458 
0.341458 0.341458 0.341458 0.341458 0.341458 0.341458 0.341458 0.341458 0.341458 0.341458 0.341458 0.341458 0.341458 0.341458 0.341458 0.341458 0.341458 0.341458 0.341458 0.341458 
0.341458 0.341458 0.341458 0.341458 0.341458 0.341458 0.341458 0.341458 0.341458 0.341458 0.341458 0.341458 0.341458 0.341458 0.341458 0.341458 0.341458 0.341458 0.341458 0.341458 
0.341458 0.341458 0.341458 0.341458 0.341458 0.341458 0.341458 0.341458 0.341458 0.341458 0.341458 0.341458 0.341458 0.341458 0.341458 0.341458 0.341458 0.341458 0.341458 0.341458 
0.341458 0.341458 0.341458 0.341458 0.341458 0.341458 0.341458 0.341458 0.341458 0.341458 0.341458 0.341458 0.341458 0.341458 0.341458 0.341458 0.341458 0.341458 0.341458 0.341458 
0.341458 0.341458 0.341458 0.341458 0.341458 0.341458 0.341458 0.341458 0.341458 0.341458 0.341458 0.341458 0.341458 0.341458 0.341458 0.341458 0.341458 0.341458 0.341458 0.341458 
