0.567737
0.506375
0.486636
0.486636
0.446699
0.446699
0.419845
0.419845
0.419845
0.419845
0.419845
0.419845
0.419845
0.406789
0.406789
0.399475
0.399475
0.399475
0.399475
0.399475

0.399475
0.399475
0.399475
0.399475
0.399475
0.399475
0.399475
0.399475
0.399475
0.399475
0.399475
0.399475
0.399475
0.399475
0.399475
0.399475
0.399475
0.399475
0.399475
0.399475

0.399475
0.399475
0.399475
0.399475
0.399475
0.399475
0.399475
0.399475
0.399475
0.399475
0.399475
0.399475
0.399475
0.399475
0.399475
0.399475
0.399475
0.399475
0.399475
0.399475

0.399475
0.399475
0.399475
0.399475
0.399475
0.399475
0.399475
0.399475
0.399475
0.399475
0.399475
0.399475
0.399475
0.399475
0.399475
0.399475
0.399475
0.399475
0.399475
0.399475

0.399475
0.399475
0.399475
0.399475
0.399475
0.399475
0.399475
0.399475
0.399475
0.399475
0.399475
0.399475
0.399475
0.399475
0.399475
0.399475
0.399475
0.399475
0.399475
0.399475

0.399475
0.399475
0.399475
0.399475
0.399475
0.399475
0.399475
0.399475
0.399475
0.399475
0.399475
0.399475
0.399475
0.399475
0.399475
0.399475
0.399475
0.399475
0.399475
0.399475

0.399475
0.399475
0.399475
0.399475
0.399475
0.399475
0.399475
0.399475
0.399475
0.399475
0.399475
0.399475
0.399475
0.399475
0.399475
0.399475
0.399475
0.399475
0.399475
0.399475

0.399475
0.399475
0.399475
0.399475
0.399475
0.399475
0.399475
0.399475
0.399475
0.399475
0.399475
0.399475
0.399475
0.399475
0.399475
0.399475
0.399475
0.399475
0.399475
0.399475

0.399475
0.399475
0.399475
0.399475
0.399475
0.399475
0.399475
0.399475
0.399475
0.399475
0.399475
0.399475
0.399475
0.399475
0.399475
0.399475
0.399475
0.399475
0.399475
0.399475

0.399475
0.399475
0.399475
0.399475
0.399475
0.399475
0.399475
0.399475
0.399475
0.399475
0.399475
0.399475
0.399475
0.399475
0.399475
0.399475
0.399475
0.399475
0.399475
0.399475

