0.522972
0.505119
0.505119
0.505119
0.493519
0.493519
0.480234
0.480234
0.457522
0.457522
0.457522
0.457522
0.457522
0.457522
0.441981
0.441981
0.429068
0.429068
0.429068
0.429068

0.429068
0.429068
0.429068
0.429068
0.429068
0.429068
0.429068
0.429068
0.429068
0.429068
0.429068
0.41273
0.41273
0.41273
0.41273
0.393989
0.377648
0.377648
0.377648
0.376135

0.376135
0.376135
0.376135
0.376135
0.376135
0.376135
0.376135
0.376135
0.376135
0.376135
0.376135
0.376135
0.376135
0.376135
0.376135
0.376135
0.376135
0.376135
0.376135
0.376135

0.376135
0.376135
0.376135
0.376135
0.376135
0.376135
0.376135
0.376135
0.376135
0.376135
0.376135
0.376135
0.376135
0.376135
0.376135
0.376135
0.376135
0.376135
0.376135
0.376135

0.376135
0.376135
0.376135
0.376135
0.376135
0.376135
0.376135
0.376135
0.376135
0.376135
0.376135
0.376135
0.376135
0.376135
0.376135
0.376135
0.376135
0.376135
0.376135
0.376135

0.376135
0.376135
0.376135
0.376135
0.376135
0.376135
0.376135
0.376135
0.376135
0.376135
0.376135
0.376135
0.376135
0.376135
0.376135
0.367082
0.367082
0.365911
0.348799
0.346971

0.346971
0.346971
0.346971
0.346971
0.346971
0.346971
0.346971
0.346971
0.346971
0.346971
0.346971
0.346971
0.346971
0.346971
0.346971
0.346971
0.346971
0.346971
0.346971
0.346971

0.346971
0.346971
0.346971
0.346971
0.346971
0.346971
0.346971
0.346971
0.346971
0.346971
0.346971
0.346971
0.346971
0.346971
0.346971
0.346971
0.346971
0.346971
0.346971
0.346971

0.346971
0.346971
0.346971
0.346971
0.346971
0.346971
0.346971
0.346971
0.346971
0.346971
0.346971
0.346971
0.346971
0.346971
0.346971
0.346971
0.346971
0.346971
0.346971
0.346971

0.346971
0.346971
0.346971
0.346971
0.346971
0.346971
0.346971
0.346971
0.346971
0.346971
0.346971
0.346971
0.346971
0.346971
0.346971
0.346971
0.346971
0.346971
0.346971
0.346971

