0 0 21 0 0 72 82 48 0 0 0 57 0 39 0 39 0 0 0 81 22 38 49 61 0 0 0 55 0 0 107 0 0 114 0 0 0 0 65 21 107 0 0 0 68 0 0 0 93 0 0 69 0 115 0 0 64 45 0 79 0 0 10 0 0 17 17 18 0 0 0 24 0 13 0 9 0 0 0 16 20 25 17 10 0 0 0 9 0 0 28 0 0 24 0 0 0 0 27 16 28 0 0 0 24 0 0 0 23 0 0 9 0 21 0 0 29 22 0 17 
49 107 38 38 89 28 71 0 50 102 117 54 24 38 31 49 0 0 117 0 44 98 0 0 69 53 0 110 53 0 39 119 72 65 0 44 0 0 0 97 102 67 72 0 61 104 64 103 0 39 0 0 0 62 0 0 0 44 0 45 10 8 28 19 21 9 8 0 5 28 24 19 22 21 20 21 0 0 17 0 14 23 0 0 27 25 0 23 10 0 23 26 9 11 0 26 0 0 0 15 15 5 20 0 26 7 19 19 0 9 0 0 0 22 0 0 0 15 0 11 
24 0 37 0 0 0 0 71 90 0 93 0 0 77 58 102 76 44 111 117 0 89 0 0 94 94 76 63 73 0 118 0 0 0 37 0 78 40 0 68 0 0 68 58 39 0 0 52 0 22 42 87 0 0 0 73 0 0 0 66 7 0 8 0 0 0 0 16 24 0 18 0 0 15 10 9 23 11 19 29 0 29 0 0 10 11 22 18 18 0 12 0 0 0 10 0 23 27 0 9 0 0 26 19 25 0 0 20 0 7 6 14 0 0 0 25 0 0 0 19 
0 0 0 0 48 0 104 0 65 38 61 75 92 0 0 56 54 99 40 0 70 104 21 0 102 62 71 74 0 0 0 89 51 81 0 103 0 0 108 0 0 81 39 0 45 0 0 112 0 0 0 0 0 83 0 68 0 0 42 30 0 0 0 0 6 0 9 0 16 21 29 11 26 0 0 17 6 11 23 0 9 5 21 0 7 9 9 16 0 0 0 24 11 7 0 7 0 0 10 0 0 20 28 0 7 0 0 22 0 0 0 0 0 27 0 29 0 0 14 13 
0 0 0 0 96 0 0 0 41 0 0 40 0 71 0 0 25 0 0 102 0 38 0 23 50 80 98 0 0 0 115 99 0 73 0 0 0 0 66 78 52 31 82 0 0 0 118 0 103 50 97 0 109 62 109 0 104 75 47 0 0 0 0 0 10 0 0 0 10 0 0 29 0 12 0 0 27 0 0 28 0 25 0 16 20 13 29 0 0 0 20 14 0 13 0 0 0 0 17 13 7 22 18 0 0 0 20 0 17 24 10 0 20 17 29 0 6 20 22 0 
66 0 46 0 0 74 63 0 0 0 0 0 99 0 0 0 116 0 61 67 78 47 0 0 0 0 0 0 0 0 92 0 0 27 36 0 108 38 0 59 0 103 0 0 0 0 59 97 0 0 41 45 117 105 84 0 0 98 0 0 16 0 20 0 0 20 11 0 0 0 0 0 25 0 0 0 9 0 10 28 14 9 0 0 0 0 0 0 0 0 17 0 0 10 26 0 21 26 0 14 0 9 0 0 0 0 11 5 0 0 16 28 29 23 28 0 0 23 0 0 
0 0 0 0 0 0 94 52 0 84 111 0 83 0 0 67 92 0 0 0 91 0 0 0 28 34 0 0 42 0 45 0 53 0 0 0 0 0 0 0 71 0 58 50 82 0 95 77 0 34 97 108 0 0 98 118 74 60 71 0 0 0 0 0 0 0 13 9 0 14 5 0 18 0 0 26 12 0 0 0 26 0 0 0 26 29 0 0 26 0 29 0 28 0 0 0 0 0 0 0 6 0 9 5 6 0 28 5 0 18 28 29 0 0 24 21 11 14 15 0 
43 60 21 89 85 0 0 38 94 64 49 67 0 0 101 59 100 0 81 118 0 0 77 32 55 0 45 0 108 100 0 0 0 114 0 0 0 100 0 20 0 0 109 0 22 0 54 0 118 114 0 87 111 0 98 0 46 21 82 73 26 6 28 19 24 0 0 15 29 23 21 13 0 0 18 29 20 0 27 22 0 0 17 17 16 0 28 0 21 28 0 0 0 25 0 0 0 16 0 25 0 0 21 0 21 0 24 0 7 14 0 22 26 0 22 0 15 22 17 18 
87 117 50 0 0 0 49 25 0 0 0 113 90 0 0 0 0 35 0 115 68 107 0 0 111 0 57 104 0 0 44 30 0 71 0 75 0 0 111 53 41 111 0 0 89 0 58 34 0 82 0 26 114 0 0 0 0 50 0 84 13 22 9 0 0 0 20 14 0 0 0 26 15 0 0 0 0 28 0 5 8 12 0 0 28 0 21 15 0 0 23 22 0 6 0 11 0 0 27 14 9 13 0 0 22 0 6 14 0 14 0 23 21 0 0 0 0 18 0 9 
64 0 0 65 0 0 0 110 88 67 0 0 0 0 50 118 0 0 71 0 44 0 0 0 0 0 56 28 0 110 60 0 21 105 36 0 92 0 0 0 0 61 35 0 0 0 0 54 0 24 0 0 55 22 89 28 60 89 90 115 17 0 0 17 0 0 0 25 27 19 0 0 0 0 14 21 0 0 16 0 27 0 0 0 0 0 18 26 0 11 17 0 18 13 13 0 9 0 0 0 0 21 12 0 0 0 0 11 0 13 0 0 9 8 13 29 14 9 19 14 
74 75 0 105 0 0 62 0 0 0 0 0 0 29 0 0 113 119 0 0 70 0 0 51 0 0 33 39 106 88 0 0 51 72 62 105 77 49 0 27 0 0 0 55 110 23 22 80 0 0 0 25 113 0 55 0 25 40 116 28 10 24 0 12 0 0 26 0 0 0 0 0 0 12 0 0 10 25 0 0 11 0 0 14 0 0 27 10 18 23 0 0 29 21 22 7 23 9 0 10 0 0 0 22 16 22 8 22 0 0 0 29 7 0 29 0 7 27 5 29 
0 69 66 0 83 0 59 0 0 46 0 73 24 0 0 0 0 66 85 96 90 79 42 0 0 115 0 0 62 44 0 119 0 0 20 0 88 37 0 0 0 0 0 58 99 0 76 41 0 52 0 0 107 109 32 0 0 0 25 52 0 11 12 0 10 0 15 0 0 14 0 15 5 0 0 0 0 16 20 29 24 26 26 0 0 26 0 0 25 8 0 6 0 0 17 0 8 16 0 0 0 0 0 13 8 0 16 19 0 9 0 0 5 23 16 0 0 0 11 17 
71 73 50 80 0 37 0 42 0 101 23 82 0 21 116 0 0 0 0 97 84 0 0 61 0 0 0 0 0 85 0 0 0 0 98 0 87 50 0 97 115 0 23 0 0 0 0 38 0 0 0 0 0 77 47 0 0 0 0 20 5 14 14 13 0 24 0 5 0 15 28 18 0 7 8 0 0 0 0 5 20 0 0 15 0 0 0 0 0 5 0 0 0 0 17 0 21 22 0 25 12 0 24 0 0 0 0 9 0 0 0 0 0 22 14 0 0 0 0 29 
71 0 55 85 0 0 114 0 0 78 0 0 0 26 57 0 0 0 36 43 37 0 117 0 0 0 0 0 43 0 0 0 27 0 69 0 0 79 0 91 38 46 0 107 107 67 0 114 96 0 85 20 0 0 32 0 107 0 117 91 23 0 29 14 0 0 22 0 0 17 0 0 0 18 5 0 0 0 12 21 23 0 14 0 0 0 0 0 27 0 0 0 21 0 23 0 0 25 0 27 26 8 0 29 21 21 0 6 17 0 19 24 0 0 7 0 12 0 10 16 
91 111 74 45 0 32 74 62 117 84 46 0 24 0 37 0 81 0 107 92 0 67 0 115 0 0 108 68 0 0 0 0 98 23 0 49 90 0 52 25 0 0 0 0 0 111 0 63 0 0 0 38 0 0 0 28 0 0 0 96 19 25 28 7 0 14 21 15 14 5 26 0 18 0 29 0 12 0 19 8 0 27 0 8 0 0 29 29 0 0 0 0 28 11 0 19 16 0 9 28 0 0 0 0 0 26 0 26 0 0 0 26 0 0 0 13 0 0 0 21 
91 112 0 0 97 0 56 48 0 0 0 67 36 20 40 79 0 0 0 0 75 0 0 0 83 0 114 29 79 116 0 0 46 0 103 103 0 0 70 0 0 0 0 0 71 0 71 0 0 0 0 0 0 0 0 51 0 69 0 81 6 29 0 0 7 0 17 8 0 0 0 25 6 25 11 6 0 0 0 0 17 0 0 0 16 0 21 24 26 27 0 0 6 0 9 17 0 0 10 0 0 0 0 0 21 0 11 0 0 0 0 0 0 0 0 6 0 12 0 29 
0 110 108 0 0 0 43 0 0 0 0 45 107 46 115 46 39 88 0 0 0 0 107 60 0 106 0 0 0 0 0 0 0 118 80 38 0 79 0 21 0 102 0 83 0 61 0 80 25 106 0 40 0 0 91 0 29 0 0 0 0 29 6 0 0 0 23 0 0 0 0 6 11 14 5 8 29 28 0 0 0 0 6 28 0 21 0 0 0 0 0 0 0 10 21 16 0 26 0 26 0 6 0 5 0 25 0 21 12 18 0 25 0 0 9 0 15 0 0 0 
112 0 0 0 50 0 110 20 0 0 0 0 50 58 0 0 79 72 97 0 81 0 58 26 83 85 96 0 100 0 82 0 70 0 95 26 99 32 0 103 0 109 0 76 0 0 0 56 66 93 71 0 68 0 50 0 0 0 79 24 19 0 0 0 27 0 5 9 0 0 0 0 28 10 0 0 29 16 12 0 13 0 16 7 11 21 12 0 28 0 14 0 8 0 14 11 16 25 0 23 0 16 0 28 0 0 0 27 20 12 21 0 11 0 28 0 0 0 29 13 
0 0 0 0 70 95 0 108 0 0 64 115 0 0 0 0 0 0 0 0 0 52 72 0 0 0 42 27 62 0 0 0 71 0 56 0 0 62 0 0 0 52 0 82 0 0 0 64 0 116 0 76 42 62 0 75 86 112 24 0 0 0 0 0 21 27 0 9 0 0 29 23 0 0 0 0 0 0 0 0 0 15 16 0 0 0 28 26 18 0 0 0 14 0 8 0 0 23 0 0 0 22 0 15 0 0 0 27 0 24 0 13 12 10 0 12 27 8 9 0 
0 113 34 97 55 0 0 60 0 0 0 0 37 36 101 117 36 59 0 0 47 92 29 50 0 117 0 80 57 0 58 87 0 0 0 77 51 92 36 0 0 41 78 0 72 115 0 87 59 0 0 0 0 0 0 97 51 89 32 114 0 29 6 22 8 0 0 27 0 0 0 0 6 8 8 5 26 21 0 0 8 23 16 7 0 29 0 26 16 0 12 16 0 0 0 20 19 19 11 0 0 28 12 0 19 13 0 14 10 0 0 0 0 0 0 27 14 28 5 15 
98 0 0 0 0 0 88 98 93 43 0 0 41 0 43 0 0 111 0 0 0 0 0 57 59 0 35 0 80 0 0 95 0 0 68 70 0 0 0 0 0 84 0 38 111 67 0 0 57 0 96 0 74 0 50 0 63 0 0 48 28 0 0 0 0 0 23 24 9 13 0 0 29 0 11 0 0 15 0 0 0 0 0 26 26 0 22 0 29 0 0 11 0 0 29 6 0 0 0 0 0 16 0 8 22 9 0 0 25 0 9 0 25 0 11 0 26 0 0 24 
114 49 0 111 36 0 0 0 0 25 0 86 0 48 102 45 0 0 0 91 112 66 22 82 0 0 97 84 0 0 0 0 0 0 54 0 0 114 50 0 59 0 113 23 40 0 69 0 0 0 72 0 103 0 78 0 89 107 0 0 25 12 0 26 17 0 0 0 0 7 0 11 0 14 24 23 0 0 0 6 11 29 18 11 0 0 14 9 0 0 0 0 0 0 29 0 0 11 5 0 24 0 25 5 17 0 19 0 0 0 24 0 19 0 16 0 11 27 0 0 
0 81 0 42 49 0 0 25 0 89 0 0 102 0 28 54 0 113 49 0 88 0 45 0 0 98 35 0 0 102 110 0 0 0 0 65 31 45 0 0 93 44 0 59 0 106 0 0 25 0 0 0 78 87 0 0 0 0 21 32 0 26 0 24 12 0 0 27 0 11 0 0 23 0 14 6 0 16 19 0 10 0 11 0 0 7 20 0 0 20 15 0 0 0 0 13 25 6 0 0 27 27 0 27 0 13 0 0 24 0 0 0 19 25 0 0 0 0 27 11 
61 0 31 96 0 0 0 0 75 60 119 0 0 0 0 89 0 111 0 107 92 28 103 38 65 50 113 72 0 24 66 79 101 0 59 0 0 0 72 0 34 88 0 36 0 0 0 0 69 0 0 59 0 77 40 71 0 0 0 110 19 0 17 13 0 0 0 0 22 7 16 0 0 0 0 19 0 18 0 17 19 6 10 11 19 15 6 6 0 23 19 22 14 0 16 0 0 0 21 0 23 25 0 17 0 0 0 0 28 0 0 18 0 5 23 10 0 0 0 13 
61 0 90 0 0 92 0 0 84 40 0 0 0 0 39 0 0 49 0 0 0 0 60 0 30 0 21 39 0 114 116 74 0 0 0 0 61 0 0 0 21 97 0 0 0 91 110 42 0 0 0 95 67 112 53 0 96 0 0 0 24 0 11 0 0 9 0 0 17 26 0 0 0 0 26 0 0 22 0 0 0 0 23 0 7 0 20 17 0 15 7 21 0 0 0 0 21 0 0 0 15 11 0 0 0 25 14 11 0 0 0 11 15 18 21 0 5 0 0 0 
38 0 70 0 115 0 0 0 0 105 0 0 34 0 0 99 54 58 0 0 0 60 0 78 0 43 82 0 0 0 0 100 0 0 0 0 33 51 0 24 0 84 0 0 0 43 0 98 105 0 69 105 106 0 0 0 106 51 0 62 8 0 15 0 24 0 0 0 0 21 0 0 24 0 0 13 18 8 0 0 0 17 0 5 0 6 24 0 0 0 0 23 0 0 0 0 19 16 0 26 0 23 0 0 0 17 0 25 18 0 20 15 8 0 0 0 29 9 0 18 
33 0 97 95 0 53 0 82 118 56 0 26 0 0 25 59 0 60 0 0 0 94 0 98 0 0 0 0 0 69 0 0 86 81 0 98 0 118 0 105 0 30 63 0 54 78 0 52 84 0 0 0 111 0 0 108 0 0 0 0 29 0 10 10 0 17 0 15 29 22 0 9 0 0 18 13 0 12 0 0 0 15 0 26 0 0 0 0 0 23 0 0 17 6 0 8 0 24 0 25 0 12 26 0 29 11 0 25 29 0 0 0 19 0 0 25 0 0 0 0 
34 0 0 0 46 0 0 21 96 71 0 0 0 49 0 0 70 64 115 0 109 94 70 54 0 0 0 0 0 0 80 0 74 93 0 105 0 24 84 118 60 54 0 0 0 90 83 0 55 0 0 0 116 100 55 0 0 0 92 0 28 0 0 0 26 0 0 18 14 25 0 0 0 9 0 0 10 19 22 0 9 10 27 26 0 0 0 0 0 0 8 0 9 12 0 8 0 5 9 21 22 11 0 0 0 28 6 0 25 0 0 0 14 8 29 0 0 0 6 0 
31 0 0 0 0 81 0 0 0 0 0 43 0 0 74 109 100 24 0 68 0 0 0 0 42 48 0 98 92 0 0 29 0 0 62 99 0 80 107 93 75 0 0 34 35 65 0 20 0 0 0 0 0 20 77 45 67 0 0 0 20 0 0 0 0 17 0 0 0 0 0 8 0 0 10 25 19 12 0 19 0 0 0 0 28 9 0 25 12 0 0 19 0 0 17 10 0 26 19 20 16 0 0 7 6 27 0 15 0 0 0 0 0 13 5 22 5 0 0 0 
0 79 84 70 0 0 0 0 22 0 91 0 63 0 115 51 0 0 0 26 0 78 102 104 0 0 119 80 0 0 0 60 0 21 0 0 73 54 42 115 0 110 65 0 0 0 0 0 0 0 0 0 0 28 0 88 27 0 0 56 0 9 15 11 0 0 0 0 27 0 11 0 29 0 24 17 0 0 0 13 0 9 20 28 0 0 7 14 0 0 0 7 0 27 0 0 18 25 29 7 0 18 10 0 0 0 0 0 0 0 0 0 0 15 0 24 8 0 0 28 
